N: 1000  

iterations: 100

min price:  35

weight:
 [1, 1, 1, 1, 1, 1, 1, 1, 1, 1, 1, 1, 1, 1, 1, 1, 1, 1, 1, 1, 1, 1, 1, 1, 1, 1, 1, 1, 1, 1, 1, 1, 1, 1, 1, 1, 1, 1, 1, 1, 1, 1, 1, 1, 1, 1, 1, 1, 1, 1, 1, 1, 1, 1, 1, 1, 1, 1, 1, 1, 1, 1, 1, 1, 1, 1, 1, 1, 1, 1, 1, 1, 1, 1, 1, 1, 1, 1, 1, 1, 1, 1, 1, 1, 1, 1, 1, 1, 1, 1, 1, 1, 1, 1, 1]

result individual :
 [0, 1, 1, 0, 0, 0, 1, 1, 1, 0, 1, 1, 0, 0, 1, 1, 0, 0, 1, 1, 0, 0, 1, 0, 1, 0, 0, 0, 0, 0, 1, 0, 0, 1, 0, 0, 0, 0, 0, 0, 1, 0, 1, 1, 0, 1, 0, 0, 1, 0, 0, 0, 0, 0, 0, 1, 0, 1, 1, 1, 0, 1, 0, 0, 0, 1, 1, 1, 0, 0, 1, 1, 0, 0, 1, 0, 0, 0, 0, 0, 0, 0, 0, 0, 0, 1, 1, 0, 0, 1, 1, 0, 0, 0, 0]

set to cover:
 [1, 2, 3, 4, 5, 6, 7, 8, 9, 10, 11, 12, 13, 14, 15, 16, 17, 18, 19, 20, 21, 22, 23, 24, 25, 26, 27, 28, 29, 30, 31, 32, 33, 34, 35, 36, 37, 38, 39, 40, 41, 42, 43, 44, 45, 46, 47, 48, 49, 50, 51, 52, 53, 54, 55, 56, 57, 58, 59, 60, 61, 62, 63, 64, 65, 66, 67, 68, 69, 70, 71, 72, 73, 74, 75, 76, 77, 78, 79, 80, 81, 82, 83, 84, 85, 86, 87, 88, 89, 90, 91, 92, 93, 94, 95, 96, 97, 98, 99, 100, 101, 102, 103, 104, 105, 106, 107, 108, 109, 110, 111, 112, 113, 114, 115, 116, 117, 118, 119, 120, 121, 122, 123, 124, 125, 126, 127, 128, 129, 130, 131, 132, 133, 134, 135, 136, 137, 138, 139, 140, 141, 142, 143, 144, 145, 146, 147, 148, 149, 150, 151, 152, 153, 154, 155, 156, 157, 158, 159, 160, 161, 162, 163, 164, 165, 166, 167, 168, 169, 170, 171, 172, 173, 174, 175, 176, 177, 178, 179, 180, 181, 182, 183, 184, 185, 186, 187, 188, 189, 190, 191, 192, 193, 194, 195, 196, 197, 198, 199, 200, 201, 202, 203, 204, 205, 206, 207, 208, 209, 210, 211, 212, 213, 214, 215, 216, 217, 218, 219, 220, 221, 222, 223, 224, 225, 226, 227, 228, 229, 230, 231, 232, 233, 234, 235, 236, 237, 238, 239, 240, 241, 242, 243, 244, 245, 246, 247, 248, 249, 250, 251, 252, 253, 254, 255, 256, 257, 258, 259, 260, 261, 262, 263, 264, 265, 266, 267, 268, 269, 270, 271, 272, 273, 274, 275, 276, 277, 278, 279, 280, 281, 282, 283, 284, 285, 286, 287, 288, 289, 290, 291, 292, 293, 294, 295, 296, 297, 298, 299, 300, 301, 302, 303, 304, 305, 306, 307, 308, 309, 310, 311, 312, 313, 314, 315, 316, 317, 318, 319, 320, 321, 322, 323, 324, 325, 326, 327, 328, 329, 330, 331, 332, 333, 334, 335, 336, 337, 338, 339, 340, 341, 342, 343, 344, 345, 346, 347, 348, 349, 350, 351, 352, 353, 354, 355, 356, 357, 358, 359, 360, 361, 362, 363, 364, 365, 366, 367, 368, 369, 370, 371, 372, 373, 374, 375, 376, 377, 378, 379, 380, 381, 382, 383, 384, 385, 386, 387, 388, 389, 390, 391, 392, 393, 394, 395, 396, 397, 398, 399, 400, 401, 402, 403, 404, 405, 406, 407, 408, 409, 410, 411, 412, 413, 414, 415, 416, 417, 418, 419, 420, 421, 422, 423, 424, 425, 426, 427, 428, 429, 430, 431, 432, 433, 434, 435, 436, 437, 438, 439, 440, 441, 442, 443, 444, 445, 446, 447, 448, 449, 450, 451, 452, 453, 454, 455, 456, 457, 458, 459, 460, 461, 462, 463, 464, 465, 466, 467, 468, 469, 470, 471, 472, 473, 474, 475, 476, 477, 478, 479, 480, 481, 482, 483, 484, 485, 486, 487, 488, 489, 490, 491, 492, 493, 494, 495, 496, 497, 498, 499, 500, 501, 502, 503, 504, 505, 506, 507, 508, 509, 510, 511, 512, 513, 514, 515, 516, 517, 518, 519, 520, 521, 522, 523, 524, 525, 526, 527, 528, 529, 530, 531, 532, 533, 534, 535, 536, 537, 538, 539, 540, 541, 542, 543, 544, 545, 546, 547, 548, 549, 550, 551, 552, 553, 554, 555, 556, 557, 558, 559, 560, 561, 562, 563, 564, 565, 566, 567, 568, 569, 570, 571, 572, 573, 574, 575, 576, 577, 578, 579, 580, 581, 582, 583, 584, 585, 586, 587, 588, 589, 590, 591, 592, 593, 594, 595, 596, 597, 598, 599, 600, 601, 602, 603, 604, 605, 606, 607, 608, 609, 610, 611, 612, 613, 614, 615, 616, 617, 618, 619, 620, 621, 622, 623, 624, 625, 626, 627, 628, 629, 630, 631, 632, 633, 634, 635, 636, 637, 638, 639, 640, 641, 642, 643, 644, 645, 646, 647, 648, 649, 650, 651, 652, 653, 654, 655, 656, 657, 658, 659, 660, 661, 662, 663, 664, 665, 666, 667, 668, 669, 670, 671, 672, 673, 674, 675, 676, 677, 678, 679, 680, 681, 682, 683, 684, 685, 686, 687, 688, 689, 690, 691, 692, 693, 694, 695, 696, 697, 698, 699, 700, 701, 702, 703, 704, 705, 706, 707, 708, 709, 710, 711, 712, 713, 714, 715, 716, 717, 718, 719, 720, 721, 722, 723, 724, 725, 726, 727, 728, 729, 730, 731, 732, 733, 734, 735, 736, 737, 738, 739, 740, 741, 742, 743, 744, 745, 746, 747, 748, 749, 750, 751, 752, 753, 754, 755, 756, 757, 758, 759, 760, 761, 762, 763, 764, 765, 766, 767, 768, 769, 770, 771, 772, 773, 774, 775, 776, 777, 778, 779, 780, 781, 782, 783, 784, 785, 786, 787, 788, 789, 790, 791, 792, 793, 794, 795, 796, 797, 798, 799, 800, 801, 802, 803, 804, 805, 806, 807, 808, 809, 810, 811, 812, 813, 814, 815, 816, 817, 818, 819, 820, 821, 822, 823, 824, 825, 826, 827, 828, 829, 830, 831, 832, 833, 834, 835, 836, 837, 838, 839, 840, 841, 842, 843, 844, 845, 846, 847, 848, 849, 850, 851, 852, 853, 854, 855, 856, 857, 858, 859, 860, 861, 862, 863, 864, 865, 866, 867, 868, 869, 870, 871, 872, 873, 874, 875, 876, 877, 878, 879, 880, 881, 882, 883, 884, 885, 886, 887, 888, 889, 890, 891, 892, 893, 894, 895, 896, 897, 898, 899, 900, 901, 902, 903, 904, 905, 906, 907, 908, 909, 910, 911, 912, 913, 914, 915, 916, 917, 918, 919, 920, 921, 922, 923, 924, 925, 926, 927, 928, 929, 930, 931, 932, 933, 934, 935, 936, 937, 938, 939, 940, 941, 942, 943, 944, 945, 946, 947, 948, 949, 950, 951, 952, 953, 954, 955, 956, 957, 958, 959, 960, 961, 962, 963, 964, 965, 966, 967, 968, 969, 970, 971, 972, 973, 974, 975, 976, 977, 978, 979, 980, 981, 982, 983, 984, 985, 986, 987, 988, 989, 990, 991, 992, 993, 994, 995, 996, 997, 998, 999, 1000]

subsets to cover:
[7, 33, 45, 47, 49, 58, 68, 72, 74, 81, 82, 94, 95, 100, 104, 105, 113, 128, 142, 143, 147, 157, 160, 164, 167, 168, 176, 197, 215, 217, 218, 221, 225, 226, 234, 235, 239, 251, 253, 270, 271, 272, 274, 275, 277, 285, 297, 301, 323, 324, 333, 345, 349, 353, 364, 368, 371, 374, 380, 388, 389, 390, 406, 409, 411, 430, 433, 439, 460, 465, 470, 471, 474, 506, 512, 522, 547, 550, 552, 566, 571, 575, 581, 592, 598, 599, 604, 619, 624, 634, 643, 644, 651, 656, 659, 664, 672, 678, 687, 700, 702, 705, 715, 719, 722, 736, 747, 748, 763, 765, 774, 778, 782, 787, 792, 795, 825, 826, 827, 829, 842, 850, 855, 864, 868, 876, 883, 888, 891, 907, 911, 937, 945, 955, 978, 981, 986, 990, 996]
[1, 4, 12, 20, 60, 66, 71, 81, 88, 109, 115, 118, 124, 129, 132, 157, 162, 166, 170, 183, 204, 206, 217, 246, 247, 258, 270, 272, 274, 301, 306, 315, 320, 332, 349, 372, 383, 391, 395, 409, 434, 446, 449, 463, 465, 480, 487, 498, 501, 513, 520, 530, 541, 542, 544, 546, 550, 553, 563, 567, 581, 611, 614, 622, 624, 641, 655, 657, 666, 676, 688, 697, 699, 707, 731, 737, 739, 740, 748, 750, 769, 774, 779, 781, 785, 788, 798, 827, 836, 852, 862, 882, 892, 894, 897, 900, 907, 935, 937, 941, 945, 949, 952, 964, 966, 977, 990, 1000]
[4, 9, 10, 26, 37, 40, 41, 43, 46, 53, 71, 76, 78, 95, 103, 106, 107, 110, 111, 115, 119, 131, 134, 136, 138, 152, 153, 159, 160, 162, 164, 166, 167, 182, 184, 205, 209, 216, 219, 228, 243, 251, 255, 256, 258, 269, 271, 272, 274, 279, 284, 289, 292, 307, 310, 316, 341, 342, 352, 358, 359, 363, 367, 374, 379, 392, 417, 422, 423, 434, 438, 441, 449, 453, 472, 482, 501, 518, 519, 542, 551, 557, 559, 565, 566, 567, 568, 574, 575, 597, 620, 627, 636, 650, 653, 670, 680, 683, 684, 686, 699, 704, 708, 719, 721, 723, 735, 753, 755, 760, 761, 768, 790, 799, 802, 807, 816, 820, 822, 827, 831, 837, 850, 854, 855, 867, 874, 882, 883, 900, 901, 903, 905, 912, 928, 930, 949, 954, 955, 956, 962, 964, 973, 987]
[2, 25, 29, 40, 46, 72, 112, 119, 128, 183, 195, 198, 202, 229, 234, 261, 268, 272, 286, 308, 317, 322, 337, 339, 340, 354, 360, 373, 395, 409, 410, 442, 445, 447, 520, 522, 524, 533, 550, 552, 591, 595, 611, 621, 639, 657, 676, 680, 681, 683, 687, 696, 704, 726, 737, 738, 747, 755, 760, 792, 806, 815, 826, 841, 864, 869, 886, 893, 899, 922, 943, 948, 962, 963, 972, 986, 991, 994]
[1, 6, 26, 48, 52, 75, 87, 96, 110, 125, 131, 151, 152, 174, 179, 181, 197, 200, 204, 216, 219, 225, 231, 241, 250, 251, 256, 291, 294, 303, 309, 312, 318, 330, 335, 344, 389, 394, 410, 413, 416, 425, 431, 436, 441, 453, 467, 476, 477, 485, 487, 507, 524, 528, 531, 562, 568, 571, 583, 590, 594, 622, 626, 631, 635, 645, 649, 671, 672, 675, 680, 681, 689, 692, 694, 705, 713, 714, 736, 754, 767, 769, 770, 787, 789, 798, 805, 813, 816, 824, 826, 839, 854, 869, 871, 882, 907, 908, 915, 923, 925, 963, 968, 998]
[13, 20, 21, 27, 28, 32, 42, 43, 52, 54, 71, 78, 84, 86, 105, 109, 111, 118, 124, 130, 139, 157, 168, 172, 181, 187, 204, 205, 217, 224, 230, 245, 249, 254, 259, 263, 267, 277, 285, 309, 319, 320, 335, 336, 346, 350, 356, 359, 371, 378, 380, 385, 389, 404, 407, 431, 432, 439, 444, 446, 466, 471, 473, 477, 482, 485, 496, 502, 519, 535, 546, 552, 553, 578, 580, 590, 593, 607, 615, 621, 622, 631, 637, 643, 651, 659, 664, 666, 667, 668, 678, 679, 686, 694, 701, 708, 714, 717, 725, 733, 736, 752, 766, 768, 771, 773, 780, 786, 792, 794, 797, 800, 802, 816, 825, 828, 839, 843, 849, 851, 852, 855, 860, 870, 871, 888, 901, 929, 944, 949, 960, 984, 991, 996, 997, 1000]
[11, 15, 18, 30, 47, 88, 89, 96, 103, 123, 124, 130, 184, 187, 190, 196, 197, 198, 199, 218, 222, 227, 233, 237, 247, 248, 250, 252, 258, 265, 275, 278, 281, 283, 284, 286, 287, 290, 302, 304, 310, 314, 324, 331, 333, 339, 345, 349, 353, 361, 364, 370, 378, 389, 415, 417, 436, 447, 459, 462, 465, 476, 485, 488, 496, 500, 501, 503, 507, 530, 538, 544, 547, 549, 564, 567, 569, 570, 584, 596, 604, 607, 611, 612, 625, 662, 680, 685, 707, 708, 709, 719, 720, 726, 729, 738, 739, 742, 749, 757, 761, 764, 769, 777, 779, 781, 812, 817, 846, 851, 853, 872, 873, 902, 903, 935, 958, 966, 986]
[22, 27, 34, 38, 41, 42, 62, 73, 74, 83, 91, 94, 108, 118, 119, 128, 146, 153, 165, 170, 180, 186, 203, 231, 235, 238, 240, 257, 259, 271, 273, 276, 279, 285, 290, 296, 299, 312, 315, 323, 329, 331, 332, 338, 342, 357, 411, 413, 419, 422, 436, 443, 447, 449, 450, 453, 465, 466, 480, 482, 504, 506, 508, 513, 532, 553, 558, 564, 583, 590, 591, 600, 602, 604, 610, 613, 619, 641, 651, 664, 668, 678, 679, 687, 689, 691, 704, 706, 711, 717, 720, 724, 753, 767, 775, 779, 782, 784, 807, 811, 812, 824, 834, 842, 845, 847, 857, 879, 881, 882, 909, 911, 918, 931, 935, 944, 947, 957, 958, 997]
[2, 3, 15, 30, 53, 56, 72, 96, 117, 121, 125, 135, 140, 149, 153, 158, 163, 193, 196, 209, 231, 246, 250, 274, 280, 283, 290, 295, 299, 306, 319, 341, 349, 354, 371, 393, 418, 424, 425, 426, 449, 453, 458, 468, 473, 474, 484, 495, 496, 497, 502, 511, 520, 521, 522, 527, 531, 552, 556, 563, 565, 566, 594, 602, 614, 624, 638, 641, 646, 664, 674, 676, 716, 723, 727, 734, 744, 765, 775, 779, 792, 807, 809, 819, 841, 845, 853, 855, 858, 862, 875, 885, 886, 887, 891, 901, 902, 935, 950, 959, 961, 979, 985]
[15, 26, 34, 39, 47, 63, 65, 93, 100, 102, 111, 119, 120, 126, 127, 139, 144, 159, 195, 223, 227, 240, 241, 242, 269, 271, 283, 287, 310, 312, 336, 368, 372, 375, 377, 378, 380, 381, 391, 398, 405, 408, 418, 419, 425, 430, 455, 456, 465, 466, 476, 483, 502, 505, 550, 551, 554, 558, 571, 575, 599, 602, 625, 631, 635, 651, 654, 661, 664, 665, 671, 687, 689, 692, 703, 707, 714, 718, 745, 761, 767, 810, 824, 843, 844, 854, 867, 869, 876, 906, 907, 909, 926, 932, 937, 938, 939, 963, 966, 986, 991]
[3, 16, 17, 22, 27, 32, 45, 52, 54, 63, 66, 68, 71, 76, 83, 94, 111, 112, 113, 117, 129, 130, 134, 135, 149, 152, 179, 211, 213, 218, 222, 227, 239, 244, 250, 257, 272, 282, 284, 302, 309, 330, 332, 333, 337, 342, 367, 371, 391, 412, 432, 437, 441, 455, 460, 463, 465, 470, 488, 491, 503, 516, 518, 526, 534, 539, 544, 554, 562, 568, 579, 600, 601, 603, 608, 611, 612, 620, 623, 630, 640, 649, 655, 658, 659, 675, 677, 679, 703, 730, 745, 760, 764, 784, 793, 797, 803, 806, 808, 809, 818, 833, 850, 868, 880, 888, 891, 908, 923, 944, 958, 961, 972, 973, 992, 995]
[8, 20, 44, 47, 51, 54, 57, 74, 80, 84, 87, 114, 117, 118, 123, 133, 141, 160, 162, 180, 210, 217, 221, 226, 236, 262, 279, 280, 291, 297, 309, 316, 320, 321, 333, 336, 354, 363, 390, 405, 407, 415, 425, 428, 435, 440, 441, 447, 453, 454, 471, 498, 499, 510, 513, 525, 540, 546, 573, 582, 588, 590, 608, 611, 614, 622, 633, 656, 678, 684, 685, 691, 695, 721, 727, 739, 760, 765, 773, 774, 783, 786, 796, 826, 854, 883, 905, 913, 925, 946, 954, 965, 966, 969]
[39, 43, 58, 59, 70, 76, 78, 79, 81, 91, 93, 106, 109, 117, 150, 152, 155, 157, 173, 178, 182, 193, 199, 203, 227, 242, 250, 263, 282, 294, 311, 318, 324, 330, 331, 342, 348, 358, 360, 361, 371, 378, 394, 406, 411, 447, 448, 451, 453, 460, 461, 463, 473, 474, 476, 481, 488, 506, 514, 520, 523, 537, 544, 568, 578, 579, 586, 594, 595, 604, 606, 609, 617, 620, 630, 640, 643, 644, 647, 649, 651, 659, 661, 668, 672, 698, 707, 745, 757, 764, 773, 778, 779, 792, 795, 798, 811, 816, 830, 835, 839, 852, 865, 876, 885, 892, 904, 917, 928, 932, 942, 953, 964, 976, 977, 984, 1000]
[2, 17, 21, 38, 43, 45, 46, 49, 65, 70, 85, 88, 107, 128, 137, 139, 148, 180, 187, 192, 196, 205, 207, 247, 248, 260, 274, 280, 293, 299, 301, 318, 324, 340, 341, 347, 348, 354, 361, 362, 366, 370, 377, 383, 396, 397, 400, 408, 410, 427, 435, 440, 448, 451, 469, 476, 482, 485, 491, 509, 510, 520, 528, 532, 537, 539, 549, 557, 558, 560, 568, 585, 589, 596, 612, 630, 644, 647, 648, 651, 659, 663, 672, 673, 681, 685, 702, 709, 713, 734, 736, 745, 751, 753, 762, 766, 772, 775, 791, 795, 798, 800, 806, 808, 811, 817, 819, 821, 831, 834, 835, 851, 883, 887, 892, 895, 908, 923, 959, 962, 966, 974, 977, 983, 986, 996, 998]
[27, 57, 67, 68, 76, 89, 125, 128, 129, 132, 133, 143, 157, 162, 169, 179, 187, 206, 230, 243, 298, 308, 312, 317, 325, 353, 356, 370, 371, 378, 408, 420, 421, 444, 461, 478, 479, 491, 506, 515, 521, 530, 531, 539, 556, 564, 565, 568, 587, 589, 602, 627, 654, 656, 658, 684, 697, 718, 727, 729, 735, 737, 787, 788, 799, 810, 812, 813, 823, 844, 849, 852, 872, 890, 900, 906, 913, 933, 950, 990, 996]
[6, 38, 39, 44, 52, 54, 61, 81, 92, 103, 112, 141, 150, 162, 180, 181, 191, 205, 207, 220, 232, 238, 239, 246, 249, 263, 278, 279, 293, 295, 297, 298, 329, 339, 354, 355, 405, 407, 417, 424, 428, 453, 484, 488, 489, 491, 508, 544, 548, 552, 564, 576, 588, 601, 631, 654, 662, 667, 668, 669, 672, 686, 698, 713, 732, 735, 741, 757, 759, 766, 767, 775, 788, 790, 792, 807, 824, 839, 848, 857, 858, 871, 894, 898, 900, 902, 904, 918, 920, 927, 947, 955, 956, 970, 978, 979, 990]
[15, 116, 138, 167, 191, 198, 264, 280, 292, 339, 344, 466, 470, 480, 506, 517, 537, 557, 657, 664, 736, 749, 829, 872, 911, 951, 962]
[7, 12, 64, 89, 98, 121, 122, 137, 144, 157, 164, 180, 190, 198, 224, 225, 227, 242, 254, 255, 268, 274, 303, 310, 315, 319, 332, 336, 338, 369, 377, 383, 393, 411, 416, 426, 438, 458, 466, 477, 483, 489, 490, 515, 528, 551, 563, 582, 587, 597, 621, 626, 630, 655, 670, 681, 684, 686, 691, 703, 707, 710, 719, 721, 741, 766, 772, 776, 781, 789, 810, 822, 846, 847, 877, 910, 917, 919, 946, 959, 971, 973, 989, 991, 996, 999]
[4, 17, 23, 24, 33, 35, 46, 47, 50, 57, 60, 62, 66, 69, 71, 75, 83, 94, 104, 116, 120, 122, 131, 136, 137, 139, 159, 183, 185, 194, 211, 212, 223, 224, 229, 236, 240, 247, 251, 254, 261, 283, 294, 306, 316, 353, 355, 357, 384, 385, 387, 389, 392, 403, 406, 412, 419, 426, 430, 431, 434, 435, 450, 453, 457, 458, 460, 465, 468, 472, 474, 475, 484, 501, 523, 526, 542, 545, 551, 553, 555, 558, 573, 578, 593, 598, 609, 613, 630, 657, 662, 670, 677, 678, 689, 690, 697, 700, 718, 721, 735, 737, 741, 743, 746, 747, 759, 764, 773, 775, 784, 785, 788, 827, 829, 837, 844, 855, 881, 891, 896, 897, 913, 916, 921, 929, 931, 948, 954, 958, 970, 978, 989]
[16, 121, 195, 210, 214, 217, 223, 246, 249, 268, 290, 311, 316, 330, 341, 368, 369, 390, 407, 478, 491, 510, 526, 547, 566, 573, 602, 619, 665, 688, 713, 721, 742, 760, 765, 773, 780, 795, 824, 891, 904, 929, 931, 937, 938, 960, 980, 986]
[7, 28, 79, 110, 117, 139, 140, 182, 185, 201, 205, 206, 249, 253, 258, 288, 299, 308, 312, 322, 327, 329, 334, 338, 341, 343, 370, 374, 386, 390, 403, 406, 408, 441, 451, 469, 491, 496, 503, 508, 559, 564, 578, 590, 607, 609, 618, 632, 636, 641, 649, 667, 699, 712, 739, 753, 787, 801, 802, 805, 824, 836, 837, 844, 862, 881, 883, 955, 967, 971, 972, 976, 988, 991, 992, 998]
[5, 24, 30, 46, 65, 69, 87, 105, 112, 117, 118, 120, 121, 138, 142, 145, 164, 169, 177, 179, 188, 189, 191, 192, 202, 203, 211, 220, 238, 245, 250, 269, 286, 305, 308, 313, 321, 327, 334, 339, 352, 357, 361, 375, 383, 393, 398, 399, 402, 406, 415, 429, 434, 437, 440, 443, 461, 469, 474, 499, 502, 524, 529, 541, 550, 566, 574, 589, 592, 602, 605, 607, 611, 612, 626, 629, 630, 633, 645, 651, 655, 656, 664, 674, 687, 689, 690, 694, 711, 721, 722, 723, 728, 756, 759, 771, 816, 817, 819, 820, 829, 830, 834, 866, 870, 884, 893, 905, 926, 928, 935, 936, 953, 969, 987]
[10, 32, 34, 43, 55, 61, 85, 90, 98, 105, 116, 117, 121, 139, 140, 143, 144, 170, 171, 172, 173, 178, 192, 200, 212, 215, 224, 226, 231, 243, 254, 270, 274, 275, 282, 288, 296, 297, 300, 305, 323, 332, 357, 360, 368, 376, 394, 419, 426, 436, 439, 450, 452, 455, 461, 462, 469, 497, 501, 502, 504, 507, 508, 518, 524, 527, 546, 551, 552, 556, 557, 560, 563, 569, 576, 579, 580, 584, 587, 603, 612, 625, 631, 635, 648, 661, 669, 670, 696, 702, 706, 711, 721, 728, 737, 754, 756, 761, 770, 775, 779, 780, 785, 792, 794, 795, 800, 804, 815, 825, 831, 832, 834, 835, 837, 843, 844, 850, 861, 863, 882, 883, 886, 887, 896, 915, 939, 942, 950, 954, 955, 956, 967, 975, 977, 984, 992]
[1, 3, 17, 48, 50, 61, 65, 78, 96, 102, 128, 130, 134, 136, 146, 150, 162, 163, 208, 217, 224, 254, 256, 275, 276, 284, 285, 291, 310, 330, 331, 336, 346, 352, 367, 378, 385, 403, 408, 413, 425, 439, 440, 452, 463, 466, 468, 470, 471, 497, 500, 502, 507, 528, 548, 561, 580, 592, 596, 642, 643, 648, 649, 651, 666, 672, 681, 693, 699, 706, 712, 715, 719, 729, 749, 751, 768, 780, 781, 788, 793, 803, 808, 814, 815, 845, 849, 857, 864, 868, 871, 873, 879, 887, 888, 890, 899, 902, 916, 941, 959, 967, 979, 987, 992]
[28, 87, 89, 103, 127, 144, 156, 219, 223, 254, 255, 284, 292, 323, 360, 394, 422, 440, 451, 454, 567, 604, 615, 616, 623, 631, 644, 661, 704, 708, 739, 740, 748, 767, 771, 798, 811, 881, 919, 942, 964, 987]
[2, 7, 9, 10, 25, 45, 48, 54, 62, 71, 80, 87, 89, 96, 98, 107, 123, 137, 146, 155, 184, 201, 206, 211, 229, 230, 238, 239, 244, 249, 252, 255, 278, 287, 290, 299, 312, 315, 319, 328, 330, 336, 344, 355, 378, 382, 386, 411, 420, 423, 427, 430, 468, 470, 476, 477, 504, 506, 515, 518, 529, 533, 543, 555, 560, 567, 578, 586, 595, 606, 638, 652, 653, 674, 690, 711, 718, 729, 738, 745, 751, 756, 758, 766, 778, 779, 792, 793, 795, 804, 816, 824, 840, 846, 860, 866, 870, 887, 899, 923, 924, 938, 963, 970, 975, 977, 989]
[13, 32, 42, 51, 64, 77, 93, 94, 97, 105, 109, 112, 123, 124, 125, 134, 140, 144, 152, 160, 162, 169, 179, 203, 208, 213, 221, 228, 240, 243, 255, 256, 267, 268, 272, 279, 299, 307, 312, 316, 322, 323, 326, 335, 336, 365, 367, 403, 406, 415, 417, 446, 461, 463, 464, 474, 475, 478, 526, 549, 564, 570, 582, 599, 607, 618, 679, 694, 703, 714, 718, 722, 729, 754, 767, 789, 799, 800, 813, 821, 824, 827, 840, 844, 847, 851, 852, 856, 872, 873, 876, 878, 949, 967, 971, 979, 988, 993, 997, 1000]
[20, 23, 27, 31, 36, 44, 52, 63, 67, 77, 87, 90, 95, 126, 132, 141, 153, 173, 177, 185, 192, 203, 205, 220, 225, 252, 256, 266, 277, 282, 287, 303, 327, 330, 340, 353, 363, 368, 382, 392, 393, 398, 405, 422, 430, 437, 444, 455, 457, 473, 491, 492, 497, 509, 511, 515, 539, 557, 558, 564, 580, 588, 597, 601, 612, 629, 632, 635, 646, 659, 661, 662, 663, 700, 703, 731, 742, 801, 814, 817, 822, 829, 833, 842, 850, 868, 904, 905, 906, 917, 925, 927, 931, 940, 947, 951, 960, 961, 965, 982, 997, 998]
[2, 12, 34, 50, 70, 80, 91, 104, 107, 111, 131, 145, 167, 171, 172, 180, 182, 187, 215, 227, 229, 231, 244, 256, 263, 272, 302, 315, 326, 328, 340, 344, 356, 359, 360, 385, 388, 396, 401, 424, 430, 449, 458, 491, 505, 509, 560, 580, 582, 587, 592, 604, 617, 627, 652, 655, 667, 682, 687, 704, 706, 710, 719, 726, 738, 747, 751, 752, 764, 777, 790, 806, 808, 829, 835, 842, 849, 872, 885, 903, 906, 907, 908, 944, 960, 970, 972, 986, 987, 988, 995]
[4, 21, 27, 32, 35, 46, 51, 55, 56, 64, 76, 77, 84, 90, 94, 96, 99, 100, 104, 108, 119, 155, 158, 161, 165, 169, 175, 190, 192, 195, 205, 211, 212, 232, 244, 268, 270, 272, 276, 289, 299, 302, 305, 316, 327, 340, 347, 351, 370, 379, 380, 385, 391, 397, 403, 408, 420, 438, 442, 445, 451, 457, 477, 483, 485, 492, 495, 501, 503, 554, 558, 561, 563, 568, 578, 586, 609, 615, 622, 629, 641, 654, 658, 670, 677, 678, 684, 714, 722, 740, 748, 750, 771, 804, 819, 844, 858, 861, 865, 867, 898, 910, 912, 915, 920, 948, 950, 951, 957, 965, 966, 975, 988, 996, 1000]
[21, 30, 32, 34, 39, 40, 51, 52, 58, 60, 68, 92, 101, 103, 104, 109, 116, 127, 138, 139, 148, 152, 154, 163, 168, 177, 178, 182, 193, 198, 204, 206, 217, 234, 244, 248, 256, 265, 271, 276, 281, 283, 288, 293, 308, 311, 319, 329, 340, 346, 353, 359, 370, 378, 382, 383, 393, 406, 407, 412, 413, 414, 417, 421, 425, 427, 430, 453, 454, 457, 468, 476, 485, 486, 487, 497, 498, 501, 504, 518, 519, 528, 529, 536, 537, 549, 565, 577, 581, 583, 586, 597, 601, 603, 609, 620, 624, 634, 651, 662, 671, 698, 702, 708, 711, 713, 722, 727, 747, 759, 762, 764, 767, 777, 778, 793, 799, 800, 801, 805, 811, 813, 838, 841, 844, 846, 853, 858, 864, 872, 879, 889, 890, 899, 901, 902, 911, 919, 937, 943, 945, 946, 948, 954, 959, 963, 968, 976, 979, 988]
[3, 14, 41, 165, 204, 205, 207, 213, 241, 270, 303, 339, 367, 420, 493, 509, 510, 536, 562, 624, 705, 721, 797, 852, 933, 956, 997]
[77, 93, 104, 114, 153, 237, 263, 271, 304, 468, 476, 506, 524, 588, 660, 686, 741, 799, 856, 927, 929, 973]
[12, 13, 30, 48, 52, 56, 61, 65, 77, 98, 107, 116, 134, 136, 153, 161, 164, 170, 171, 186, 229, 230, 247, 255, 268, 279, 285, 322, 329, 339, 347, 355, 368, 388, 389, 395, 413, 422, 427, 432, 444, 449, 452, 481, 490, 494, 495, 500, 504, 508, 518, 520, 532, 536, 538, 564, 572, 579, 583, 591, 605, 626, 627, 628, 634, 657, 659, 665, 671, 678, 680, 686, 693, 695, 701, 705, 707, 713, 718, 722, 742, 744, 745, 762, 770, 786, 798, 817, 820, 822, 837, 847, 856, 859, 860, 865, 870, 872, 873, 884, 890, 891, 895, 902, 908, 909, 914, 934, 943, 960, 966, 973, 976, 988, 991, 998]
[1, 19, 37, 56, 81, 91, 94, 100, 106, 117, 122, 212, 228, 229, 312, 324, 340, 350, 373, 414, 423, 455, 458, 459, 464, 466, 468, 471, 485, 510, 511, 521, 563, 571, 574, 576, 587, 615, 619, 634, 635, 653, 670, 671, 673, 675, 688, 734, 764, 778, 786, 811, 821, 837, 846, 865, 878, 912, 974, 987]
