N: 500  

iterations: 100

min price:  37

weight:
 [1, 1, 1, 1, 1, 1, 1, 1, 1, 1, 1, 1, 1, 1, 1, 1, 1, 1, 1, 1, 1, 1, 1, 1, 1, 1, 1, 1, 1, 1, 1, 1, 1, 1, 1, 1, 1, 1, 1, 1, 1, 1, 1, 1, 1, 1, 1, 1, 1, 1, 1, 1, 1, 1, 1, 1, 1, 1, 1, 1, 1, 1, 1, 1, 1, 1, 1, 1, 1, 1, 1, 1, 1, 1, 1, 1, 1, 1, 1, 1, 1, 1, 1, 1, 1, 1, 1, 1, 1, 1, 1, 1, 1, 1, 1, 1, 1, 1, 1, 1, 1, 1, 1, 1, 1]

result individual :
 [1, 0, 1, 0, 0, 1, 0, 0, 1, 1, 1, 1, 0, 0, 0, 1, 0, 0, 0, 0, 0, 0, 0, 0, 1, 1, 0, 1, 1, 1, 1, 0, 0, 1, 0, 1, 0, 0, 1, 1, 1, 0, 0, 1, 1, 0, 0, 0, 1, 0, 1, 0, 0, 0, 0, 0, 1, 0, 0, 0, 0, 0, 0, 0, 0, 0, 1, 0, 0, 1, 0, 1, 0, 0, 0, 0, 0, 1, 0, 0, 0, 0, 1, 0, 1, 0, 0, 1, 0, 1, 0, 0, 0, 1, 0, 1, 0, 1, 0, 1, 1, 0, 0, 0, 0]

set to cover:
 [1, 2, 3, 4, 5, 6, 7, 8, 9, 10, 11, 12, 13, 14, 15, 16, 17, 18, 19, 20, 21, 22, 23, 24, 25, 26, 27, 28, 29, 30, 31, 32, 33, 34, 35, 36, 37, 38, 39, 40, 41, 42, 43, 44, 45, 46, 47, 48, 49, 50, 51, 52, 53, 54, 55, 56, 57, 58, 59, 60, 61, 62, 63, 64, 65, 66, 67, 68, 69, 70, 71, 72, 73, 74, 75, 76, 77, 78, 79, 80, 81, 82, 83, 84, 85, 86, 87, 88, 89, 90, 91, 92, 93, 94, 95, 96, 97, 98, 99, 100, 101, 102, 103, 104, 105, 106, 107, 108, 109, 110, 111, 112, 113, 114, 115, 116, 117, 118, 119, 120, 121, 122, 123, 124, 125, 126, 127, 128, 129, 130, 131, 132, 133, 134, 135, 136, 137, 138, 139, 140, 141, 142, 143, 144, 145, 146, 147, 148, 149, 150, 151, 152, 153, 154, 155, 156, 157, 158, 159, 160, 161, 162, 163, 164, 165, 166, 167, 168, 169, 170, 171, 172, 173, 174, 175, 176, 177, 178, 179, 180, 181, 182, 183, 184, 185, 186, 187, 188, 189, 190, 191, 192, 193, 194, 195, 196, 197, 198, 199, 200, 201, 202, 203, 204, 205, 206, 207, 208, 209, 210, 211, 212, 213, 214, 215, 216, 217, 218, 219, 220, 221, 222, 223, 224, 225, 226, 227, 228, 229, 230, 231, 232, 233, 234, 235, 236, 237, 238, 239, 240, 241, 242, 243, 244, 245, 246, 247, 248, 249, 250, 251, 252, 253, 254, 255, 256, 257, 258, 259, 260, 261, 262, 263, 264, 265, 266, 267, 268, 269, 270, 271, 272, 273, 274, 275, 276, 277, 278, 279, 280, 281, 282, 283, 284, 285, 286, 287, 288, 289, 290, 291, 292, 293, 294, 295, 296, 297, 298, 299, 300, 301, 302, 303, 304, 305, 306, 307, 308, 309, 310, 311, 312, 313, 314, 315, 316, 317, 318, 319, 320, 321, 322, 323, 324, 325, 326, 327, 328, 329, 330, 331, 332, 333, 334, 335, 336, 337, 338, 339, 340, 341, 342, 343, 344, 345, 346, 347, 348, 349, 350, 351, 352, 353, 354, 355, 356, 357, 358, 359, 360, 361, 362, 363, 364, 365, 366, 367, 368, 369, 370, 371, 372, 373, 374, 375, 376, 377, 378, 379, 380, 381, 382, 383, 384, 385, 386, 387, 388, 389, 390, 391, 392, 393, 394, 395, 396, 397, 398, 399, 400, 401, 402, 403, 404, 405, 406, 407, 408, 409, 410, 411, 412, 413, 414, 415, 416, 417, 418, 419, 420, 421, 422, 423, 424, 425, 426, 427, 428, 429, 430, 431, 432, 433, 434, 435, 436, 437, 438, 439, 440, 441, 442, 443, 444, 445, 446, 447, 448, 449, 450, 451, 452, 453, 454, 455, 456, 457, 458, 459, 460, 461, 462, 463, 464, 465, 466, 467, 468, 469, 470, 471, 472, 473, 474, 475, 476, 477, 478, 479, 480, 481, 482, 483, 484, 485, 486, 487, 488, 489, 490, 491, 492, 493, 494, 495, 496, 497, 498, 499, 500]

subsets to cover:
[4, 13, 14, 16, 17, 45, 48, 53, 58, 72, 82, 102, 112, 113, 115, 120, 126, 141, 143, 215, 217, 230, 259, 280, 288, 302, 303, 309, 333, 347, 358, 360, 367, 378, 380, 389, 413, 415, 446, 457]
[24, 36, 41, 99, 117, 120, 149, 186, 296, 317, 322, 339, 361, 396, 425, 438, 442, 454]
[17, 29, 34, 84, 88, 109, 113, 118, 126, 138, 139, 162, 167, 195, 203, 206, 237, 256, 274, 286, 291, 326, 328, 336, 351, 353, 368, 374, 394, 398, 413, 421, 432, 449, 453, 468, 474, 483]
[1, 2, 55, 58, 59, 79, 81, 83, 92, 102, 135, 137, 151, 153, 175, 192, 223, 233, 257, 260, 272, 275, 277, 312, 321, 328, 329, 350, 369, 370, 385, 391, 394, 399, 431, 446, 449, 454, 468, 471, 473, 489, 498]
[10, 30, 36, 41, 44, 58, 65, 66, 85, 109, 123, 124, 136, 158, 166, 186, 217, 244, 249, 251, 271, 273, 277, 282, 291, 311, 338, 375, 390, 393, 414, 418, 426, 447, 450, 476, 485, 494]
[4, 11, 17, 31, 33, 35, 37, 62, 68, 103, 110, 113, 116, 118, 122, 125, 127, 143, 160, 170, 174, 192, 205, 225, 232, 243, 249, 264, 265, 277, 284, 293, 296, 302, 324, 333, 343, 344, 354, 363, 366, 371, 374, 441, 452, 461, 464, 479]
[8, 26, 28, 32, 39, 48, 49, 50, 51, 56, 72, 94, 98, 99, 128, 143, 174, 182, 207, 209, 211, 217, 221, 227, 230, 237, 240, 243, 275, 277, 282, 331, 334, 335, 338, 345, 373, 374, 386, 410, 414, 429, 435, 439, 442, 443, 448, 473, 475, 497]
[5, 38, 68, 105, 123, 134, 136, 154, 161, 162, 203, 235, 331, 343, 344, 367, 385, 476, 479, 480]
[1, 23, 36, 60, 98, 101, 131, 187, 198, 221, 224, 262, 267, 276, 296, 311, 344, 352, 363, 369, 378, 380, 413, 461, 474, 482, 486]
[1, 64, 66, 90, 99, 108, 147, 152, 154, 155, 156, 159, 161, 168, 170, 195, 207, 208, 210, 216, 221, 260, 281, 284, 292, 297, 316, 320, 340, 341, 342, 347, 357, 369, 384, 403, 427, 435, 461, 463, 472, 482]
[3, 26, 38, 55, 63, 69, 76, 91, 100, 113, 125, 128, 163, 197, 205, 213, 218, 227, 234, 238, 254, 266, 272, 286, 287, 295, 305, 314, 323, 336, 342, 353, 357, 368, 385, 387, 395, 399, 411, 412, 418, 435, 441, 454, 457, 458, 470, 487, 491]
[33, 40, 42, 71, 78, 79, 82, 110, 119, 121, 123, 127, 133, 140, 141, 142, 147, 164, 172, 197, 219, 226, 229, 231, 244, 249, 259, 267, 277, 281, 321, 327, 356, 362, 366, 381, 385, 393, 399, 426, 431, 442, 457, 458, 460, 465]
[4, 11, 32, 106, 153, 170, 181, 195, 200, 209, 213, 216, 239, 245, 278, 295, 300, 357, 392, 395, 427, 439, 451, 464, 483, 485]
[14, 15, 26, 43, 66, 70, 85, 94, 113, 134, 140, 173, 195, 200, 202, 208, 215, 220, 224, 237, 240, 249, 250, 274, 276, 280, 289, 304, 309, 319, 330, 340, 343, 348, 371, 377, 383, 409, 410, 428, 431, 437, 444, 457, 460, 465, 471, 489]
[59, 86, 132, 189, 239, 311, 359, 368, 383, 393, 399, 420, 494]
[22, 39, 53, 62, 102, 125, 155, 178, 204, 290, 304, 308, 322, 351, 354, 357, 367, 396, 401, 408, 413, 426, 436, 483]
[6, 44, 98, 124, 133, 142, 144, 175, 209, 244, 251, 265, 285, 306, 331, 354, 360, 369, 389, 409, 451, 486]
[9, 48, 62, 95, 99, 111, 114, 119, 125, 129, 139, 142, 151, 157, 162, 170, 177, 181, 189, 208, 218, 230, 233, 243, 248, 252, 272, 275, 282, 284, 298, 302, 340, 354, 355, 360, 370, 371, 379, 381, 382, 390, 391, 406, 487]
[7, 8, 24, 28, 52, 53, 65, 92, 100, 117, 141, 145, 146, 150, 152, 155, 185, 241, 246, 252, 274, 284, 294, 306, 327, 358, 363, 386, 427, 445, 447, 484, 499]
[31, 37, 59, 64, 73, 77, 85, 102, 116, 120, 136, 137, 140, 148, 156, 158, 207, 218, 225, 233, 240, 257, 279, 292, 302, 305, 321, 332, 339, 352, 353, 359, 384, 404, 406, 412, 423, 424, 441, 466, 472, 474, 479, 483]
[11, 14, 21, 42, 47, 90, 118, 129, 138, 166, 222, 225, 227, 241, 253, 266, 295, 296, 301, 307, 310, 334, 345, 346, 377, 388, 391, 392, 421, 429, 441, 456, 487, 493]
[8, 48, 59, 61, 75, 79, 82, 98, 116, 123, 125, 140, 150, 160, 197, 209, 213, 234, 237, 242, 248, 256, 261, 283, 307, 332, 362, 364, 367, 383, 410, 427, 428, 431, 468, 472, 478, 485]
[2, 23, 77, 78, 97, 120, 123, 137, 145, 153, 163, 165, 171, 177, 194, 196, 197, 198, 211, 229, 234, 243, 248, 251, 254, 260, 276, 279, 283, 293, 297, 301, 334, 338, 340, 358, 362, 372, 382, 391, 398, 406, 416, 421, 429, 439, 444, 446, 468, 478]
[5, 12, 21, 26, 50, 71, 98, 113, 118, 129, 141, 147, 152, 159, 181, 203, 226, 255, 290, 311, 318, 322, 326, 331, 338, 348, 349, 352, 370, 382, 387, 393, 398, 399, 404, 410, 411, 425, 427, 430, 443, 463, 467, 499]
[2, 8, 9, 14, 27, 36, 57, 59, 65, 67, 68, 75, 76, 90, 106, 107, 111, 120, 122, 125, 129, 136, 142, 166, 169, 171, 184, 216, 270, 277, 284, 290, 301, 302, 306, 339, 380, 382, 392, 397, 403, 404, 405, 409, 417, 425, 440, 444, 446, 462]
[34, 51, 59, 65, 76, 111, 117, 141, 151, 167, 174, 196, 205, 212, 221, 232, 233, 259, 272, 281, 283, 300, 306, 310, 320, 325, 334, 336, 360, 365, 370, 394, 407, 424, 437, 444, 450, 455]
[27, 54, 56, 59, 63, 80, 109, 115, 148, 160, 169, 180, 181, 182, 189, 211, 217, 247, 260, 285, 288, 296, 308, 337, 341, 344, 370, 385, 391, 433, 434, 445, 448, 469, 482, 490, 496]
[10, 11, 22, 40, 41, 46, 55, 59, 87, 88, 114, 125, 149, 159, 161, 167, 171, 174, 186, 203, 206, 208, 214, 220, 224, 236, 262, 269, 294, 295, 302, 317, 325, 328, 354, 364, 382, 399, 411, 426, 433, 442, 446, 471, 472, 486, 495]
[21, 22, 32, 44, 53, 78, 82, 89, 97, 127, 165, 176, 225, 231, 244, 257, 259, 268, 269, 284, 293, 310, 313, 331, 334, 363, 366, 379, 406, 415, 416, 429, 459, 461, 466, 489, 491]
[42, 44, 48, 66, 67, 73, 77, 159, 169, 171, 180, 186, 193, 201, 217, 261, 270, 287, 299, 305, 309, 330, 331, 336, 340, 344, 351, 358, 360, 363, 379, 406, 417, 425, 448, 465, 468, 470, 481, 485, 494, 496]
[20, 23, 68, 79, 84, 85, 93, 100, 120, 122, 123, 146, 159, 173, 187, 189, 193, 211, 225, 228, 230, 241, 270, 274, 306, 313, 317, 320, 339, 347, 348, 355, 369, 370, 384, 386, 393, 395, 402, 415, 426, 428, 449, 453, 463, 495, 497]
[14, 15, 28, 42, 47, 51, 71, 75, 76, 114, 115, 121, 164, 172, 179, 192, 198, 203, 213, 224, 231, 258, 333, 366, 406, 419, 426, 430, 453, 467, 477, 485]
[9, 11, 23, 35, 44, 54, 69, 124, 130, 171, 174, 177, 181, 183, 185, 192, 199, 200, 241, 260, 269, 270, 279, 280, 284, 298, 322, 326, 330, 337, 343, 376, 377, 383, 388, 396, 403, 404, 417, 448, 489, 500]
[19, 22, 23, 25, 64, 98, 103, 104, 130, 140, 147, 151, 159, 162, 170, 174, 183, 189, 198, 204, 205, 224, 226, 235, 243, 264, 279, 332, 336, 381, 386, 398, 400, 406, 410, 418, 442, 444, 454, 456, 459, 478, 484, 490, 499]
[93, 221, 280, 309, 422]
[16, 30, 39, 74, 82, 141, 187, 208, 223, 263, 312, 315, 327, 328, 344, 348, 384, 406, 411, 435, 486, 488]
[14, 17, 18, 35, 40, 59, 61, 65, 71, 79, 96, 121, 128, 143, 161, 186, 188, 190, 191, 197, 199, 204, 225, 228, 231, 256, 266, 272, 288, 291, 294, 310, 331, 333, 348, 377, 391, 399, 401, 468, 486, 487, 492]
